1.490000 0.340000 
4.680000 0.830000 
6.520000 0.860000 
10.740000 0.790000 
13.400000 0.680000 
15.760000 0.520000 
16.560000 0.350000 
19.540000 0.270000 
21.000000 1.050000 
24.500000 1.060000 
27.440000 0.640000 
28.790000 0.800000 
33.350000 0.880000 
35.510000 0.610000 
38.660000 0.880000 
41.100000 1.000000 
44.170000 0.590000 
46.390000 1.030000 
49.520000 0.690000 
50.750000 1.050000 
52.160000 1.020000 
53.520000 0.310000 
63.280000 0.500000 
63.860000 0.740000 
64.150000 0.780000 
67.070000 0.670000 
69.520000 0.790000 
72.620000 1.020000 
73.020000 0.430000 
77.900000 0.380000 
79.250000 1.050000 
79.610000 0.850000 
81.220000 0.330000 
81.830000 0.760000 
82.300000 0.330000 
82.580000 0.340000 
82.990000 0.580000 
86.640000 0.600000 
87.070000 0.830000 
87.200000 1.000000 
88.950000 0.970000 
90.790000 0.520000 
96.330000 0.360000 
96.700000 1.010000 
98.350000 0.980000 
101.600000 0.500000 
116.170000 0.970000 
117.820000 0.710000 
118.020000 0.410000 
118.080000 0.870000 
118.260000 0.500000 
119.600000 0.400000 
120.800000 0.760000 
120.990000 0.320000 
121.010000 1.010000 
123.640000 0.360000 
127.190000 0.390000 
127.490000 0.790000 
127.910000 0.740000 
130.760000 1.070000 
130.780000 0.830000 
131.400000 0.590000 
131.440000 0.490000 
134.280000 0.920000 
137.750000 0.540000 
137.870000 0.680000 
138.380000 0.870000 
145.030000 0.690000 
145.410000 0.920000 
147.200000 0.930000 
148.850000 0.350000 
149.850000 0.930000 
154.360000 0.260000 
158.080000 1.000000 
158.130000 0.680000 
